image_width: 640
image_height: 480
camera_name: narrow_stereo
camera_matrix:
  rows: 3
  cols: 3
  data: [599.483046, 0.000000, 322.100725, 0.000000, 601.267700, 246.975480, 0.000000, 0.000000, 1.000000]
distortion_model: plumb_bob
distortion_coefficients:
  rows: 1
  cols: 5
  data: [0.084842, -0.222518, 0.001601, -0.000141, 0.000000]
rectification_matrix:
  rows: 3
  cols: 3
  data: [1.000000, 0.000000, 0.000000, 0.000000, 1.000000, 0.000000, 0.000000, 0.000000, 1.000000]
projection_matrix:
  rows: 3
  cols: 4
  data: [602.265747, 0.000000, 321.575040, 0.000000, 0.000000, 604.841125, 246.940380, 0.000000, 0.000000, 0.000000, 1.000000, 0.000000]
