image_width: 640
image_height: 480
camera_name: pepper_camera_bottom
camera_matrix:
  rows: 3
  cols: 3
  data: [617.421144, 0.000000, 323.586391, 0.000000, 615.746476, 248.268025, 0.000000, 0.000000, 1.000000]
distortion_model: plumb_bob
distortion_coefficients:
  rows: 1
  cols: 5
  data: [0.101986, -0.274496, -0.000698, 0.001177, 0.000000]
rectification_matrix:
  rows: 3
  cols: 3
  data: [1.000000, 0.000000, 0.000000, 0.000000, 1.000000, 0.000000, 0.000000, 0.000000, 1.000000]
projection_matrix:
  rows: 3
  cols: 4
  data: [621.211304, 0.000000, 323.753412, 0.000000, 0.000000, 620.545105, 247.566402, 0.000000, 0.000000, 0.000000, 1.000000, 0.000000]
